10 
75 7 
  0   0  -5.257737499509e+00 
  0   1   3.308219487344e+00 
  0   2  -3.684299406147e-01 
  0   3  -4.076308395220e+00 
  0   4   5.450508734284e+00 
  0   5   2.774096065825e+00 
  0   6   8.826855098459e+00 
  0   7  -5.084434353088e+00 
  1   0   9.312421791830e+00 
  1   1   6.121755625290e+00 
  1   2  -7.743858601364e+00 
  1   3  -9.776951687071e+00 
  1   4   6.776980985903e+00 
  1   5  -9.439315734981e+00 
  1   6  -2.442240863972e-01 
  1   7   4.944478903013e+00 
  1   8  -5.895185735131e+00 
  1   9  -6.088046659697e+00 
  2   0  -8.900933098247e+00 
  2   1  -6.881260482310e+00 
  2   2  -5.806323665237e+00 
  2   3   8.269986257180e+00 
  2   4  -2.744393790187e+00 
  2   5  -8.863052054512e+00 
  2   6  -3.205562429480e+00 
  2   7   5.319380338233e+00 
  2   8   4.427107258168e+00 
  2   9   8.894119258245e+00 
  3   0   1.665360927187e+00 
  3   1  -6.560774460213e+00 
  3   4   3.137416603762e+00 
  3   6   1.573519422055e+00 
  3   8  -2.175310651895e+00 
  3   9   8.798736770601e+00 
  4   0   4.308071739478e+00 
  4   1   4.067320307748e+00 
  4   2  -7.026857446338e-01 
  4   3  -9.093782397105e+00 
  4   6   4.908620605401e+00 
  4   8   1.819249058886e+00 
  5   0  -5.759953134968e-01 
  5   3  -5.146621267384e+00 
  5   4   2.217467747309e+00 
  5   5   3.283715081202e-01 
  5   6   5.282989129017e+00 
  5   8  -1.134619735333e+00 
  6   0  -7.910024010069e+00 
  6   1   5.343986124798e+00 
  6   2  -2.647424476538e+00 
  6   5   2.238505995726e+00 
  6   6   6.873498384890e+00 
  6   7   2.945509728871e+00 
  6   8   7.457038701731e+00 
  6   9  -4.592831379031e+00 
  7   0  -9.076379239224e+00 
  7   2   7.188279481218e+00 
  7   5   8.740494824382e+00 
  7   6  -5.146338078284e+00 
  7   7   7.368278695993e+00 
  7   8  -7.739003410733e+00 
  7   9  -9.642216732494e+00 
  8   0  -2.263675261920e+00 
  8   1  -3.779271972956e+00 
  8   2   7.681207136478e+00 
  8   4  -2.572334677305e+00 
  8   5  -4.826734002433e+00 
  8   6   6.792358790521e+00 
  8   7  -8.085538454446e+00 
  8   8   9.197417203372e+00 
  8   9   4.246251531096e+00 
  9   4  -7.248139368778e+00 
  9   5   3.924401699182e+00 
  9   7   5.027091327487e+00 
  9   8   6.625740149685e-01 
  9   9  -1.892837082022e+00 
   1   2.0786865878e-01 
   2  -2.3842697136e+00 
   3  -9.0218570680e+00 
   4   2.8716220263e+00 
   5   3.9012064226e+00 
   8  -6.8229743556e+00 
   9  -8.9551722130e+00 
